 [0. 0. 0. 0. 0. 0. 0. 0. 0. 0. 0. 0. 0. 0. 0. 0. 0.]
 [0. 0. 0. 1. 0. 1. 1. 0. 0. 1. 1. 0. 0. 1. 1. 1. 0.]
 [0. 0. 0. 0. 0. 0. 0. 0. 0. 0. 1. 0. 1. 0. 0. 1. 0.]
 [0. 0. 0. 0. 1. 1. 0. 1. 1. 1. 0. 0. 1. 0. 1. 0. 0.]
 [0. 0. 0. 0. 1. 0. 0. 0. 1. 1. 1. 1. 1. 1. 1. 1. 0.]
 [0. 1. 1. 1. 0. 0. 0. 1. 0. 1. 0. 0. 0. 1. 0. 1. 1.]
 [0. 1. 0. 1. 0. 1. 0. 0. 0. 0. 1. 1. 1. 0. 0. 0. 0.]
 [1. 0. 1. 1. 0. 0. 0. 1. 0. 1. 0. 0. 0. 1. 0. 0. 0.]
 [0. 1. 0. 0. 0. 1. 1. 0. 1. 0. 1. 1. 1. 1. 0. 1. 1.]
 [1. 1. 0. 0. 1. 1. 0. 1. 1. 1. 0. 1. 1. 1. 0. 0. 0.]
 [0. 0. 0. 0. 0. 0. 0. 0. 0. 0. 0. 0. 0. 0. 0. 0. 0.]
 [1. 0. 1. 1. 0. 1. 1. 0. 0. 0. 1. 1. 1. 0. 0. 1. 0.]
 [0. 0. 1. 0. 0. 0. 1. 0. 0. 0. 0. 1. 0. 1. 1. 0. 1.]
 [0. 0. 1. 1. 0. 1. 1. 0. 0. 1. 0. 0. 1. 1. 1. 0. 0.]
 [0. 0. 0. 0. 0. 0. 0. 0. 0. 0. 0. 0. 0. 0. 0. 0. 0.]
 [0. 0. 0. 1. 0. 1. 0. 0. 0. 1. 0. 0. 1. 0. 0. 0. 0.]
 [1. 0. 1. 0. 0. 0. 0. 0. 0. 0. 0. 0. 1. 0. 1. 0. 0.]
 [0. 0. 1. 1. 0. 0. 0. 1. 0. 0. 1. 1. 1. 0. 1. 0. 0.]
0 - 72
0 - 39
0 - 91
0 - 4
0 - 54
1 - 47
1 - 4
1 - 79
1 - 101
1 - 71
2 - 76
2 - 79
2 - 5
3 - 63
3 - 71
3 - 80
3 - 42
4 - 75
5 - 49
6 - 93
6 - 16
6 - 98
7 - 75
7 - 82
7 - 50
8 - 28
8 - 47
8 - 34
8 - 60
9 - 14
9 - 53
9 - 28
10 - 58
10 - 57
11 - 47
11 - 17
11 - 24
12 - 50
12 - 98
12 - 47
13 - 18
14 - 63
14 - 100
14 - 84
14 - 32
14 - 103
14 - 78
15 - 23
15 - 82
16 - 72
16 - 48
17 - 104
18 - 20
18 - 70
19 - 91
19 - 70
20 - 37
20 - 54
20 - 67
20 - 103
20 - 68
21 - 97
21 - 91
21 - 69
21 - 89
22 - 89
23 - 63
23 - 58
23 - 29
23 - 57
23 - 87
23 - 75
23 - 50
24 - 53
24 - 47
25 - 91
25 - 73
26 - 37
26 - 62
26 - 80
27 - 76
27 - 104
27 - 42
27 - 77
29 - 30
29 - 104
29 - 51
30 - 85
30 - 82
30 - 95
31 - 52
31 - 45
31 - 71
31 - 94
32 - 102
32 - 84
33 - 55
33 - 54
33 - 46
34 - 98
34 - 71
35 - 63
36 - 100
36 - 95
36 - 41
37 - 50
37 - 52
37 - 61
37 - 99
38 - 88
38 - 43
38 - 49
38 - 97
39 - 45
40 - 64
40 - 90
41 - 64
41 - 95
41 - 72
41 - 81
42 - 46
42 - 97
42 - 48
42 - 44
44 - 91
45 - 46
46 - 55
46 - 81
46 - 52
49 - 98
49 - 89
49 - 80
50 - 58
50 - 88
50 - 91
50 - 66
53 - 60
54 - 74
54 - 92
55 - 58
56 - 60
56 - 71
57 - 85
58 - 78
58 - 64
59 - 96
59 - 76
60 - 90
63 - 102
63 - 66
63 - 98
65 - 78
67 - 104
68 - 72
68 - 80
68 - 73
69 - 89
69 - 104
70 - 90
70 - 92
71 - 93
72 - 100
72 - 96
73 - 84
75 - 89
76 - 78
77 - 86
78 - 86
78 - 90
78 - 96
83 - 98
85 - 95
85 - 102
87 - 95
93 - 101
93 - 94